190.30	0.000
190.68	0.117
191.06	0.114
191.44	0.116
191.81	0.119
192.19	0.134
192.57	0.127
192.95	0.129
193.33	0.122
193.70	0.125
194.08	0.119
194.46	0.120
194.84	0.124
195.21	0.124
195.59	0.130
195.97	0.127
196.35	0.125
196.72	0.167
197.10	0.124
197.48	0.124
197.85	0.125
198.23	0.134
198.61	0.123
198.98	0.122
199.36	0.124
199.74	0.132
200.11	0.137
200.49	0.128
200.86	0.128
201.24	0.132
201.62	0.127
201.99	0.164
202.37	0.131
202.74	0.127
203.12	0.126
203.49	0.125
203.87	0.135
204.24	0.128
204.62	0.173
204.99	0.131
205.37	0.139
205.74	0.133
206.12	0.167
206.49	0.133
206.87	0.158
207.24	0.134
207.61	0.160
207.99	0.133
208.36	0.130
208.74	0.135
209.11	0.133
209.48	0.136
209.86	0.153
210.23	0.134
210.60	0.132
210.98	0.128
211.35	0.133
211.72	0.156
212.10	0.130
212.47	0.139
212.84	0.129
213.22	0.134
213.59	0.130
213.96	0.137
214.33	0.139
214.71	0.135
215.08	0.136
215.45	0.143
215.82	0.142
216.19	0.144
216.57	0.132
216.94	0.141
217.31	0.137
217.68	0.137
218.05	0.147
218.42	0.141
218.80	0.140
219.17	0.131
219.54	0.136
219.91	0.148
220.28	0.137
220.65	0.139
221.02	0.136
221.39	0.143
221.76	0.146
222.13	0.144
222.50	0.138
222.87	0.137
223.24	0.138
223.61	0.141
223.98	0.150
224.35	0.182
224.72	0.137
225.09	0.148
225.46	0.426
225.83	0.150
226.20	0.141
226.57	0.162
226.94	0.144
227.31	0.146
227.68	0.146
228.05	0.149
228.42	0.149
228.79	0.152
229.15	0.148
229.52	0.142
229.89	0.154
230.26	0.153
230.63	0.148
231.00	0.164
231.37	0.147
231.73	0.169
232.10	0.148
232.47	0.150
232.84	0.164
233.20	0.154
233.57	0.159
233.94	0.161
234.31	0.153
234.67	0.159
235.04	0.157
235.41	0.163
235.78	0.152
236.14	0.196
236.51	0.160
236.88	0.159
237.24	0.159
237.61	0.201
237.98	0.164
238.34	0.160
238.71	0.180
239.08	0.166
239.44	0.164
239.81	0.167
240.17	0.165
240.54	0.167
240.91	0.168
241.27	0.167
241.64	0.182
242.00	0.177
242.37	0.172
242.73	0.180
243.10	0.176
243.46	0.182
243.83	0.176
244.19	0.169
244.56	0.182
244.92	0.186
245.29	0.192
245.65	0.183
246.02	0.183
246.38	0.205
246.75	0.227
247.11	0.188
247.48	0.188
247.84	0.183
248.20	0.186
248.57	0.185
248.93	0.186
249.30	0.186
249.66	0.184
250.02	0.184
250.39	0.181
250.75	0.181
251.11	0.184
251.48	0.211
251.84	0.217
252.20	0.197
252.57	0.195
252.93	0.201
253.29	0.205
253.66	0.206
254.02	0.213
254.38	0.216
254.74	0.196
255.11	0.203
255.47	0.212
255.83	0.205
256.19	0.205
256.56	0.200
256.92	0.202
257.28	0.206
257.64	0.206
258.00	0.203
258.37	0.211
258.73	0.201
259.09	0.204
259.45	0.209
259.81	0.203
260.17	0.216
260.53	0.215
260.89	0.208
261.26	0.210
261.62	0.218
261.98	0.217
262.34	0.224
262.70	0.250
263.06	0.220
263.42	0.219
263.78	0.215
264.14	0.217
264.50	0.219
264.86	0.221
265.22	0.217
265.58	0.220
265.94	0.226
266.30	0.233
266.66	0.226
267.02	0.235
267.38	0.240
267.74	0.226
268.10	0.265
268.46	0.228
268.82	0.227
269.18	0.230
269.54	0.233
269.90	0.241
270.26	0.243
270.61	0.229
270.97	0.233
271.33	0.242
271.69	0.240
272.05	0.231
272.41	0.238
272.77	0.227
273.13	0.262
273.48	0.242
273.84	0.239
274.20	0.241
274.56	0.250
274.92	0.247
275.27	0.246
275.63	0.247
275.99	0.249
276.35	0.244
276.70	0.296
277.06	0.250
277.42	0.252
277.78	0.251
278.13	0.253
278.49	0.257
278.85	0.260
279.21	0.256
279.56	0.257
279.92	0.308
280.28	0.247
280.63	0.257
280.99	0.265
281.35	0.340
281.70	0.268
282.06	0.273
282.42	0.258
282.77	0.269
283.13	0.262
283.48	0.269
283.84	0.267
284.20	0.276
284.55	0.270
284.91	0.264
285.26	0.271
285.62	0.261
285.97	0.267
286.33	0.267
286.69	0.280
287.04	0.272
287.40	0.265
287.75	0.278
288.11	0.270
288.46	0.287
288.82	0.280
289.17	0.280
289.53	0.283
289.88	0.288
290.24	0.294
290.59	0.290
290.95	0.291
291.30	0.293
291.65	0.293
292.01	0.278
292.36	0.286
292.72	0.302
293.07	0.287
293.42	0.281
293.78	0.294
294.13	0.299
294.49	0.296
294.84	0.299
295.19	0.294
295.55	0.290
295.90	0.293
296.25	0.295
296.61	0.292
296.96	0.295
297.31	0.310
297.67	0.300
298.02	0.306
298.37	0.301
298.73	0.306
299.08	0.309
299.43	0.309
299.78	0.355
300.14	0.310
300.49	0.308
300.84	0.318
301.19	0.312
301.55	0.324
301.90	0.320
302.25	0.326
302.60	0.313
302.96	0.310
303.31	0.329
303.66	0.311
304.01	0.317
304.36	0.321
304.71	0.334
305.07	0.329
305.42	0.328
305.77	0.320
306.12	0.322
306.47	0.319
306.82	0.324
307.17	0.321
307.53	0.367
307.88	0.346
308.23	0.320
308.58	0.326
308.93	0.319
309.28	0.320
309.63	0.319
309.98	0.328
310.33	0.320
310.68	0.321
311.03	0.318
311.38	0.333
311.73	0.322
312.08	0.319
312.43	0.319
312.78	0.318
313.13	0.313
313.48	0.321
313.83	0.309
314.18	0.323
314.53	0.315
314.88	0.331
315.23	0.340
315.58	0.325
315.93	0.320
316.28	0.334
316.63	0.318
316.98	0.356
317.33	0.323
317.68	0.328
318.03	0.315
318.38	0.327
318.72	0.333
319.07	0.336
319.42	0.322
319.77	0.325
320.12	0.319
320.47	0.324
320.82	0.312
321.17	0.319
321.51	0.332
321.86	0.317
322.21	0.325
322.56	0.327
322.91	0.333
323.25	0.329
323.60	0.309
323.95	0.320
324.30	0.327
324.65	0.319
324.99	0.325
325.34	0.321
325.69	0.321
326.04	0.331
326.38	0.332
326.73	0.335
327.08	0.328
327.43	0.328
327.77	0.339
328.12	0.356
328.47	0.338
328.82	0.339
329.16	0.340
329.51	0.339
329.86	0.344
330.20	0.334
330.55	0.342
330.90	0.352
331.24	0.365
331.59	0.345
331.94	0.354
332.28	0.350
332.63	0.367
332.97	0.381
333.32	0.365
333.67	0.355
334.01	0.362
334.36	0.381
334.70	0.391
335.05	0.396
335.40	0.408
335.74	0.424
336.09	0.438
336.43	0.445
336.78	0.483
337.12	0.443
337.47	0.433
337.82	0.449
338.16	0.425
338.51	0.426
338.85	0.428
339.20	0.418
339.54	0.411
339.89	0.404
340.23	0.403
340.58	0.403
340.92	0.400
341.27	0.388
341.61	0.390
341.96	0.384
342.30	0.398
342.64	0.382
342.99	0.400
343.33	0.370
343.68	0.380
344.02	0.376
344.37	0.372
344.71	0.381
345.05	0.372
345.40	0.384
345.74	0.387
346.09	0.406
346.43	0.403
346.77	0.429
347.12	0.433
347.46	0.416
347.81	0.406
348.15	0.385
348.49	0.379
348.84	0.369
349.18	0.380
349.52	0.372
349.87	0.377
350.21	0.373
350.55	0.378
350.90	0.377
351.24	0.372
351.58	0.380
351.92	0.369
352.27	0.379
352.61	0.363
352.95	0.373
353.30	0.354
353.64	0.364
353.98	0.363
354.32	0.366
354.67	0.354
355.01	0.355
355.35	0.341
355.69	0.347
356.04	0.356
356.38	0.358
356.72	0.355
357.06	0.406
357.40	0.363
357.75	0.358
358.09	0.366
358.43	0.374
358.77	0.365
359.11	0.369
359.45	0.367
359.80	0.371
360.14	0.367
360.48	0.360
360.82	0.359
361.16	0.364
361.50	0.378
361.85	0.362
362.19	0.372
362.53	0.362
362.87	0.373
363.21	0.378
363.55	0.369
363.89	0.367
364.23	0.374
364.57	0.371
364.91	0.371
365.26	0.362
365.60	0.359
365.94	0.373
366.28	0.370
366.62	0.376
366.96	0.357
367.30	0.366
367.64	0.363
367.98	0.352
368.32	0.368
368.66	0.367
369.00	0.367
369.34	0.367
369.68	0.371
370.02	0.407
370.36	0.373
370.70	0.365
371.04	0.377
371.38	0.381
371.72	0.384
372.06	0.396
372.40	0.380
372.74	0.385
373.08	0.399
373.42	0.399
373.76	0.397
374.10	0.392
374.44	0.410
374.77	0.425
375.11	0.412
375.45	0.412
375.79	0.420
376.13	0.419
376.47	0.410
376.81	0.420
377.15	0.425
377.49	0.451
377.83	0.448
378.17	0.464
378.50	0.449
378.84	0.443
379.18	0.447
379.52	0.432
379.86	0.443
380.20	0.437
380.54	0.427
380.87	0.444
381.21	0.447
381.55	0.444
381.89	0.447
382.23	0.444
382.56	0.460
382.90	0.455
383.24	0.473
383.58	0.470
383.92	0.470
384.25	0.493
384.59	0.494
384.93	0.490
385.27	0.526
385.61	0.525
385.94	0.580
386.28	0.570
386.62	0.563
386.96	0.574
387.29	0.594
387.63	0.617
387.97	0.638
388.31	0.622
388.64	0.611
388.98	0.641
389.32	0.636
389.65	0.630
389.99	0.629
390.33	0.638
390.67	0.641
391.00	0.669
391.34	0.662
391.68	0.666
392.01	0.651
392.35	0.663
392.69	0.677
393.02	0.686
393.36	0.695
393.70	0.716
394.03	0.725
394.37	0.767
394.71	0.773
395.04	0.768
395.38	0.770
395.72	0.776
396.05	0.829
396.39	0.768
396.72	0.812
397.06	0.813
397.40	0.808
397.73	0.839
398.07	0.826
398.40	0.813
398.74	0.832
399.08	0.862
399.41	0.849
399.75	0.846
400.08	0.857
400.42	0.870
400.75	0.886
401.09	0.931
401.43	0.994
401.76	1.106
402.10	1.190
402.43	1.251
402.77	1.213
403.10	1.125
403.44	1.050
403.77	0.996
404.11	0.950
404.44	0.949
404.78	0.974
405.11	0.990
405.45	1.027
405.78	1.035
406.12	1.064
406.45	1.070
406.79	1.082
407.12	1.066
407.46	1.064
407.79	1.024
408.13	1.033
408.46	1.044
408.80	1.009
409.13	1.033
409.47	1.098
409.80	1.110
410.13	1.088
410.47	1.115
410.80	1.086
411.14	1.066
411.47	1.061
411.81	1.040
412.14	1.051
412.47	1.043
412.81	1.036
413.14	1.041
413.48	1.017
413.81	0.988
414.15	0.973
414.48	0.985
414.81	0.987
415.15	0.960
415.48	0.951
415.81	0.948
416.15	0.949
416.48	0.950
416.82	0.948
417.15	0.958
417.48	0.956
417.82	0.951
418.15	0.930
418.48	0.939
418.82	0.919
419.15	0.950
419.48	0.951
419.82	0.956
420.15	0.977
420.48	1.007
420.82	1.015
421.15	1.008
421.48	1.065
421.82	1.035
422.15	1.034
422.48	1.005
422.81	1.024
423.15	1.024
423.48	1.031
423.81	1.030
424.15	1.036
424.48	1.060
424.81	1.054
425.14	1.102
425.48	1.107
425.81	1.153
426.14	1.092
426.47	1.100
426.81	1.099
427.14	1.062
427.47	1.074
427.80	1.016
428.14	0.983
428.47	0.985
428.80	0.970
429.13	0.954
429.47	0.941
429.80	0.921
430.13	0.943
430.46	0.913
430.79	0.909
431.13	0.883
431.46	0.903
431.79	0.896
432.12	0.896
432.45	0.881
432.79	0.899
433.12	0.888
433.45	0.890
433.78	0.913
434.11	0.913
434.45	0.916
434.78	0.931
435.11	0.943
435.44	0.949
435.77	0.987
436.10	0.983
436.44	0.999
436.77	1.034
437.10	1.037
437.43	1.036
437.76	0.995
438.09	0.967
438.42	0.922
438.75	0.890
439.09	0.871
439.42	0.796
439.75	0.795
440.08	0.747
440.41	0.736
440.74	0.706
441.07	0.690
441.40	0.683
441.73	0.694
442.07	0.693
442.40	0.712
442.73	0.739
443.06	0.747
443.39	0.761
443.72	0.812
444.05	0.845
444.38	0.849
444.71	0.887
445.04	0.916
445.37	0.948
445.70	0.972
446.04	1.063
446.37	1.093
446.70	1.128
447.03	1.178
447.36	1.181
447.69	1.163
448.02	1.133
448.35	1.105
448.68	1.102
449.01	1.036
449.34	1.027
449.67	1.011
450.00	1.005
450.33	0.979
450.66	0.956
450.99	0.961
451.32	0.947
451.65	0.956
451.98	0.966
452.31	0.957
452.64	0.970
452.97	0.997
453.30	0.983
453.63	0.977
453.96	0.972
454.29	0.953
454.62	0.959
454.95	0.954
455.28	0.968
455.61	0.942
455.94	0.944
456.27	0.949
456.60	0.930
456.93	0.925
457.26	0.904
457.59	0.928
457.92	0.921
458.25	0.925
458.58	0.912
458.91	0.905
459.23	0.930
459.56	0.903
459.89	0.937
460.22	0.964
460.55	1.009
460.88	1.055
461.21	1.087
461.54	1.145
461.87	1.153
462.20	1.222
462.53	1.255
462.86	1.314
463.19	1.304
463.52	1.361
463.84	1.360
464.17	1.435
464.50	1.514
464.83	1.573
465.16	1.617
465.49	1.601
465.82	1.549
466.15	1.527
466.48	1.486
466.81	1.445
467.13	1.369
467.46	1.284
467.79	1.191
468.12	1.132
468.45	1.110
468.78	1.073
469.11	1.084
469.44	1.054
469.76	1.056
470.09	1.038
470.42	1.026
470.75	1.024
471.08	1.017
471.41	1.033
471.74	1.052
472.06	1.062
472.39	1.062
472.72	1.064
473.05	1.022
473.38	1.049
473.71	1.034
474.03	0.998
474.36	0.973
474.69	0.984
475.02	0.963
475.35	0.967
475.68	0.972
476.00	0.955
476.33	0.977
476.66	0.985
476.99	0.972
477.32	0.992
477.64	0.984
477.97	1.005
478.30	1.009
478.63	1.035
478.96	1.073
479.28	1.093
479.61	1.137
479.94	1.169
480.27	1.189
480.60	1.190
480.92	1.200
481.25	1.239
481.58	1.280
481.91	1.290
482.24	1.277
482.56	1.265
482.89	1.229
483.22	1.207
483.55	1.199
483.87	1.155
484.20	1.171
484.53	1.144
484.86	1.159
485.19	1.169
485.51	1.173
485.84	1.196
486.17	1.193
486.50	1.218
486.82	1.257
487.15	1.246
487.48	1.267
487.81	1.286
488.13	1.286
488.46	1.323
488.79	1.307
489.12	1.286
489.44	1.277
489.77	1.290
490.10	1.270
490.43	1.293
490.75	1.288
491.08	1.301
491.41	1.281
491.73	1.273
492.06	1.311
492.39	1.300
492.72	1.312
493.04	1.304
493.37	1.318
493.70	1.304
494.03	1.336
494.35	1.331
494.68	1.357
495.01	1.360
495.33	1.425
495.66	1.379
495.99	1.380
496.31	1.394
496.64	1.411
496.97	1.398
497.30	1.431
497.62	1.468
497.95	1.496
498.28	1.493
498.60	1.559
498.93	1.615
499.26	1.711
499.58	1.828
499.91	2.021
500.24	2.190
500.57	2.448
500.89	2.713
501.22	3.096
501.55	3.417
501.87	3.619
502.20	3.666
502.53	3.604
502.85	3.377
503.18	3.090
503.51	2.796
503.83	2.500
504.16	2.292
504.49	2.086
504.81	1.943
505.14	1.858
505.47	1.791
505.79	1.773
506.12	1.698
506.45	1.653
506.77	1.588
507.10	1.523
507.43	1.497
507.75	1.426
508.08	1.412
508.41	1.361
508.73	1.336
509.06	1.312
509.39	1.299
509.71	1.282
510.04	1.261
510.37	1.241
510.69	1.227
511.02	1.229
511.34	1.209
511.67	1.225
512.00	1.225
512.32	1.231
512.65	1.194
512.98	1.208
513.30	1.223
513.63	1.218
513.96	1.207
514.28	1.215
514.61	1.234
514.93	1.215
515.26	1.205
515.59	1.220
515.91	1.210
516.24	1.277
516.57	1.272
516.89	1.295
517.22	1.320
517.55	1.364
517.87	1.431
518.20	1.474
518.52	1.578
518.85	1.588
519.18	1.634
519.50	1.658
519.83	1.631
520.15	1.531
520.48	1.492
520.81	1.419
521.13	1.387
521.46	1.337
521.79	1.326
522.11	1.264
522.44	1.244
522.76	1.226
523.09	1.225
523.42	1.169
523.74	1.191
524.07	1.183
524.39	1.133
524.72	1.123
525.05	1.120
525.37	1.094
525.70	1.118
526.02	1.108
526.35	1.097
526.68	1.102
527.00	1.077
527.33	1.073
527.66	1.070
527.98	1.085
528.31	1.078
528.63	1.084
528.96	1.075
529.28	1.084
529.61	1.086
529.94	1.093
530.26	1.076
530.59	1.069
530.91	1.063
531.24	1.067
531.57	1.079
531.89	1.096
532.22	1.098
532.54	1.103
532.87	1.081
533.20	1.074
533.52	1.094
533.85	1.087
534.17	1.112
534.50	1.094
534.83	1.094
535.15	1.102
535.48	1.074
535.80	1.078
536.13	1.098
536.46	1.081
536.78	1.051
537.11	1.062
537.43	1.042
537.76	1.036
538.08	1.038
538.41	1.010
538.74	1.011
539.06	1.019
539.39	1.014
539.71	0.996
540.04	0.994
540.37	0.984
540.69	0.996
541.02	1.004
541.34	0.989
541.67	0.986
541.99	0.983
542.32	0.988
542.65	0.954
542.97	0.962
543.30	0.996
543.62	0.979
543.95	0.991
544.28	0.970
544.60	0.985
544.93	0.983
545.25	0.992
545.58	0.973
545.90	0.996
546.23	1.013
546.56	0.994
546.88	1.019
547.21	1.013
547.53	1.013
547.86	1.032
548.19	1.015
548.51	0.978
548.84	1.005
549.16	1.072
549.49	1.020
549.81	1.014
550.14	1.038
550.47	1.035
550.79	1.046
551.12	1.030
551.44	1.043
551.77	1.022
552.10	1.020
552.42	1.028
552.75	1.015
553.07	1.025
553.40	1.060
553.72	1.054
554.05	1.094
554.38	1.087
554.70	1.107
555.03	1.096
555.35	1.099
555.68	1.094
556.00	1.071
556.33	1.085
556.66	1.045
556.98	1.018
557.31	0.994
557.63	0.955
557.96	0.920
558.29	0.929
558.61	0.915
558.94	0.899
559.26	0.882
559.59	0.894
559.92	0.888
560.24	0.870
560.57	0.877
560.89	0.863
561.22	0.879
561.54	0.883
561.87	0.866
562.20	0.870
562.52	0.870
562.85	0.865
563.17	0.866
563.50	0.878
563.83	0.870
564.15	0.888
564.48	0.874
564.80	0.898
565.13	0.905
565.46	0.918
565.78	0.883
566.11	0.932
566.43	0.966
566.76	0.997
567.09	1.037
567.41	1.077
567.74	1.164
568.06	1.266
568.39	1.338
568.72	1.431
569.04	1.514
569.37	1.559
569.69	1.550
570.02	1.493
570.35	1.385
570.67	1.307
571.00	1.201
571.32	1.137
571.65	1.038
571.98	0.984
572.30	0.957
572.63	0.944
572.95	0.929
573.28	0.908
573.61	0.855
573.93	0.831
574.26	0.821
574.58	0.789
574.91	0.786
575.24	0.781
575.56	0.764
575.89	0.752
576.21	0.746
576.54	0.742
576.87	0.804
577.19	0.737
577.52	0.729
577.85	0.728
578.17	0.716
578.50	0.696
578.82	0.714
579.15	0.713
579.48	0.698
579.80	0.675
580.13	0.683
580.46	0.668
580.78	0.682
581.11	0.656
581.43	0.700
581.76	0.672
582.09	0.663
582.41	0.681
582.74	0.649
583.07	0.645
583.39	0.653
583.72	0.661
584.05	0.636
584.37	0.648
584.70	0.634
585.02	0.626
585.35	0.633
585.68	0.634
586.00	0.654
586.33	0.621
586.66	0.665
586.98	0.617
587.31	0.614
587.64	0.615
587.96	0.604
588.29	0.619
588.62	0.621
588.94	0.626
589.27	0.617
589.60	0.654
589.92	0.645
590.25	0.685
590.58	0.713
590.90	0.755
591.23	0.795
591.55	0.792
591.88	0.801
592.21	0.788
592.54	0.737
592.86	0.704
593.19	0.701
593.52	0.697
593.84	0.693
594.17	0.690
594.50	0.721
594.82	0.745
595.15	0.785
595.48	0.806
595.80	0.805
596.13	0.820
596.46	0.808
596.78	0.796
597.11	0.783
597.44	0.740
597.76	0.703
598.09	0.676
598.42	0.659
598.74	0.630
599.07	0.652
599.40	0.597
599.73	0.581
600.05	0.575
600.38	0.564
600.71	0.551
601.03	0.565
601.36	0.556
601.69	0.546
602.01	0.550
602.34	0.548
602.67	0.541
603.00	0.543
603.32	0.544
603.65	0.529
603.98	0.544
604.31	0.536
604.63	0.534
604.96	0.537
605.29	0.537
605.61	0.511
605.94	0.516
606.27	0.506
606.60	0.522
606.92	0.518
607.25	0.504
607.58	0.527
607.91	0.525
608.23	0.507
608.56	0.517
608.89	0.498
609.22	0.500
609.54	0.501
609.87	0.502
610.20	0.487
610.53	0.499
610.85	0.496
611.18	0.503
611.51	0.496
611.84	0.482
612.16	0.493
612.49	0.496
612.82	0.481
613.15	0.496
613.47	0.487
613.80	0.496
614.13	0.474
614.46	0.486
614.79	0.480
615.11	0.477
615.44	0.479
615.77	0.483
616.10	0.477
616.42	0.469
616.75	0.477
617.08	0.472
617.41	0.484
617.74	0.493
618.06	0.480
618.39	0.486
618.72	0.506
619.05	0.505
619.38	0.511
619.70	0.494
620.03	0.506
620.36	0.504
620.69	0.486
621.02	0.491
621.35	0.475
621.67	0.483
622.00	0.480
622.33	0.500
622.66	0.480
622.99	0.477
623.32	0.455
623.64	0.449
623.97	0.440
624.30	0.449
624.63	0.447
624.96	0.443
625.29	0.440
625.61	0.449
625.94	0.439
626.27	0.428
626.60	0.448
626.93	0.438
627.26	0.437
627.59	0.434
627.91	0.432
628.24	0.429
628.57	0.425
628.90	0.421
629.23	0.417
629.56	0.418
629.89	0.421
630.22	0.415
630.54	0.416
630.87	0.411
631.20	0.412
631.53	0.423
631.86	0.411
632.19	0.408
632.52	0.403
632.85	0.394
633.18	0.429
633.51	0.394
633.83	0.398
634.16	0.393
634.49	0.406
634.82	0.402
635.15	0.391
635.48	0.397
635.81	0.383
636.14	0.386
636.47	0.385
636.80	0.376
637.13	0.381
637.46	0.381
637.79	0.387
638.12	0.387
638.44	0.381
638.77	0.380
639.10	0.379
639.43	0.380
639.76	0.380
640.09	0.376
640.42	0.382
640.75	0.390
641.08	0.380
641.41	0.383
641.74	0.380
642.07	0.377
642.40	0.368
642.73	0.374
643.06	0.368
643.39	0.374
643.72	0.373
644.05	0.362
644.38	0.359
644.71	0.368
645.04	0.374
645.37	0.356
645.70	0.375
646.03	0.372
646.36	0.361
646.69	0.364
647.02	0.375
647.35	0.356
647.68	0.368
648.01	0.363
648.34	0.368
648.67	0.368
649.00	0.365
649.33	0.365
649.66	0.375
649.99	0.389
650.32	0.387
650.65	0.381
650.99	0.396
651.32	0.386
651.65	0.408
651.98	0.421
652.31	0.411
652.64	0.435
652.97	0.444
653.30	0.431
653.63	0.432
653.96	0.431
654.29	0.423
654.62	0.457
654.95	0.414
655.29	0.403
655.62	0.408
655.95	0.411
656.28	0.406
656.61	0.417
656.94	0.399
657.27	0.399
657.60	0.399
657.93	0.402
658.27	0.405
658.60	0.412
658.93	0.417
659.26	0.437
659.59	0.469
659.92	0.493
660.25	0.513
660.58	0.553
660.92	0.586
661.25	0.621
661.58	0.602
661.91	0.597
662.24	0.562
662.57	0.530
662.91	0.490
663.24	0.480
663.57	0.452
663.90	0.429
664.23	0.412
664.56	0.411
664.90	0.404
665.23	0.409
665.56	0.399
665.89	0.386
666.22	0.399
666.56	0.385
666.89	0.381
667.22	0.390
667.55	0.370
667.89	0.367
668.22	0.352
668.55	0.362
668.88	0.356
669.21	0.343
669.55	0.345
669.88	0.366
670.21	0.336
670.54	0.346
670.88	0.350
671.21	0.389
671.54	0.324
671.88	0.372
672.21	0.319
672.54	0.374
672.87	0.324
673.21	0.324
673.54	0.313
673.87	0.298
674.20	0.305
674.54	0.291
674.87	0.295
675.20	0.307
675.54	0.305
675.87	0.303
676.20	0.302
676.54	0.312
676.87	0.314
677.20	0.308
677.54	0.314
677.87	0.309
678.20	0.312
678.54	0.299
678.87	0.289
679.20	0.299
679.54	0.291
679.87	0.289
680.20	0.286
680.54	0.284
680.87	0.278
681.20	0.298
681.54	0.287
681.87	0.298
682.21	0.456
682.54	0.287
682.87	0.282
683.21	0.282
683.54	0.270
683.88	0.259
684.21	0.254
684.54	0.263
684.88	0.254
685.21	0.252
685.55	0.266
685.88	0.253
686.22	0.256
686.55	0.260
686.88	0.256
687.22	0.259
687.55	0.255
687.89	0.248
688.22	0.272
688.56	0.251
688.89	0.249
689.23	0.248
689.56	0.245
689.90	0.256
690.23	0.253
690.56	0.241
690.90	0.252
691.23	0.262
691.57	0.253
691.90	0.236
692.24	0.236
692.57	0.235
692.91	0.242
693.25	0.244
693.58	0.276
693.92	0.261
694.25	0.232
694.59	0.246
694.92	0.242
695.26	0.244
695.59	0.248
695.93	0.231
696.26	0.242
696.60	0.226
696.94	0.237
697.27	0.236
697.61	0.225
697.94	0.240
698.28	0.226
698.61	0.224
698.95	0.233
699.29	0.227
699.62	0.297
699.96	0.238
700.29	0.246
700.63	0.236
700.97	0.226
701.30	0.224
701.64	0.229
701.98	0.227
702.31	0.228
702.65	0.223
702.98	0.224
703.32	0.228
703.66	0.238
703.99	0.227
704.33	0.222
704.67	0.224
705.00	0.224
705.34	0.227
705.68	0.227
706.01	0.220
706.35	0.233
706.69	0.228
707.03	0.226
707.36	0.247
707.70	0.213
708.04	0.221
708.37	0.249
708.71	0.214
709.05	0.217
709.39	0.238
709.72	0.212
710.06	0.212
710.40	0.219
710.74	0.209
711.07	0.211
711.41	0.218
711.75	0.211
712.09	0.218
712.42	0.205
712.76	0.204
713.10	0.214
713.44	0.205
713.78	0.205
714.11	0.210
714.45	0.204
714.79	0.200
715.13	0.226
715.47	0.208
715.81	0.203
716.14	0.201
716.48	0.204
716.82	0.201
717.16	0.192
717.50	0.199
717.84	0.194
718.17	0.208
718.51	0.200
718.85	0.195
719.19	0.193
719.53	0.201
719.87	0.191
720.21	0.221
720.55	0.197
720.88	0.190
721.22	0.190
721.56	0.189
721.90	0.192
722.24	0.195
722.58	0.187
722.92	0.190
723.26	0.192
723.60	0.191
723.94	0.244
724.28	0.190
724.62	0.192
724.96	0.190
725.30	0.194
725.64	0.193
725.98	0.194
726.32	0.205
726.66	0.225
727.00	0.208
727.34	0.208
727.68	0.197
728.02	0.205
728.36	0.188
728.70	0.186
729.04	0.188
729.38	0.184
729.72	0.187
730.06	0.174
730.40	0.189
730.74	0.182
731.08	0.181
731.42	0.177
731.76	0.192
732.10	0.177
732.44	0.187
732.78	0.204
733.12	0.185
733.47	0.185
733.81	0.180
734.15	0.176
734.49	0.180
734.83	0.186
735.17	0.173
735.51	0.185
735.85	0.179
736.19	0.175
736.54	0.187
736.88	0.179
737.22	0.172
737.56	0.181
737.90	0.173
738.24	0.172
738.59	0.184
738.93	0.182
739.27	0.186
739.61	0.176
739.95	0.178
740.30	0.170
740.64	0.178
740.98	0.168
741.32	0.184
741.66	0.168
742.01	0.168
742.35	0.174
742.69	0.178
743.03	0.171
743.38	0.176
743.72	0.171
744.06	0.173
744.40	0.185
744.75	0.170
745.09	0.177
745.43	0.179
745.78	0.178
746.12	0.163
746.46	0.168
746.81	0.176
747.15	0.166
747.49	0.171
747.84	0.178
748.18	0.171
748.52	0.170
748.87	0.169
749.21	0.165
749.55	0.465
749.90	0.167
750.24	0.170
750.58	0.162
750.93	0.164
751.27	0.171
751.62	0.169
751.96	0.182
752.30	0.205
752.65	0.169
752.99	0.189
753.34	0.171
753.68	0.184
754.03	0.167
754.37	0.166
754.71	0.170
755.06	0.171
755.40	0.187
755.75	0.188
756.09	0.189
756.44	0.204
756.78	0.204
757.13	0.214
757.47	0.209
757.82	0.215
758.16	0.232
758.51	0.232
758.85	0.244
759.20	0.254
759.54	0.257
759.89	0.275
760.23	0.249
760.58	0.265
760.93	0.239
761.27	0.234
761.62	0.263
761.96	0.274
762.31	0.288
762.65	0.285
763.00	0.270
763.35	0.258
763.69	0.252
764.04	0.278
764.39	0.212
764.73	0.200
765.08	0.207
765.42	0.198
765.77	0.185
766.12	0.178
766.46	0.183
766.81	0.179
767.16	0.180
767.50	0.174
767.85	0.163
768.20	0.167
768.55	0.165
768.89	0.167
769.24	0.166
769.59	0.165
769.93	0.175
770.28	0.164
770.63	0.167
770.98	0.168
771.32	0.158
771.67	0.173
772.02	0.163
772.37	0.175
772.71	0.169
773.06	0.162
773.41	0.157
773.76	0.162
774.11	0.155
774.45	0.157
774.80	0.165
775.15	0.165
775.50	0.154
775.85	0.160
776.20	0.156
776.54	0.153
776.89	0.156
777.24	0.164
777.59	0.164
777.94	0.156
778.29	0.162
778.64	0.165
778.99	0.156
779.33	0.155
779.68	0.152
780.03	0.160
780.38	0.156
780.73	0.153
781.08	0.156
781.43	0.155
781.78	0.157
782.13	0.154
782.48	0.164
782.83	0.161
783.18	0.168
783.53	0.160
783.88	0.155
784.23	0.170
784.58	0.162
784.93	0.168
785.28	0.169
785.63	0.180
785.98	0.189
786.33	0.189
786.68	0.176
787.03	0.166
787.38	0.164
787.73	0.172
788.08	0.158
788.43	0.167
788.78	0.165
789.14	0.158
789.49	0.191
789.84	0.166
790.19	0.175
790.54	0.163
790.89	0.172
791.24	0.160
791.59	0.153
791.95	0.167
792.30	0.166
792.65	0.158
793.00	0.149
793.35	0.163
793.70	0.165
794.06	0.160
794.41	0.158
794.76	0.159
795.11	0.164
795.46	0.168
795.82	0.195
796.17	0.173
796.52	0.175
796.87	0.190
797.23	0.210
797.58	0.236
797.93	0.271
798.28	0.324
798.64	0.346
798.99	0.369
799.34	0.368
799.70	0.345
800.05	0.313
800.40	0.266
800.76	0.233
801.11	0.219
801.46	0.187
801.82	0.179
802.17	0.177
802.52	0.173
802.88	0.157
803.23	0.162
803.59	0.153
803.94	0.176
804.29	0.154
804.65	0.146
805.00	0.153
805.36	0.148
805.71	0.150
806.06	0.153
806.42	0.148
806.77	0.144
807.13	0.149
807.48	0.146
807.84	0.143
808.19	0.142
808.55	0.151
808.90	0.146
809.26	0.144
809.61	0.149
809.97	0.154
810.32	0.144
810.68	0.151
811.03	0.143
811.39	0.179
811.75	0.150
812.10	0.146
812.46	0.142
812.81	0.150
813.17	0.145
813.53	0.149
813.88	0.145
814.24	0.143
814.59	0.149
814.95	0.147
815.31	0.152
815.66	0.149
816.02	0.159
816.38	0.146
816.73	0.150
817.09	0.150
817.45	0.155
817.80	0.148
818.16	0.152
818.52	0.146
818.87	0.150
819.23	0.152
819.59	0.140
819.95	0.180
820.30	0.149
820.66	0.163
821.02	0.156
821.38	0.156
821.73	0.156
822.09	0.154
822.45	0.156
822.81	0.151
823.17	0.143
823.52	0.150
823.88	0.146
824.24	0.142
824.60	0.141
824.96	0.147
825.32	0.145
825.68	0.148
826.03	0.143
826.39	0.143
826.75	0.144
827.11	0.152
827.47	0.141
827.83	0.143
828.19	0.136
828.55	0.137
828.91	0.139
829.27	0.137
829.63	0.139
829.99	0.136
830.35	0.133
830.71	0.143
831.07	0.137
831.43	0.144
831.79	0.142
832.15	0.132
832.51	0.139
832.87	0.175
833.23	0.147
833.59	0.134
833.95	0.133
834.31	0.140
834.67	0.146
835.03	0.132
835.39	0.131
835.75	0.135
836.11	0.166
836.47	0.156
836.83	0.138
837.20	0.143
837.56	0.138
837.92	0.140
838.28	0.129
838.64	0.128
839.00	0.139
839.37	0.151
839.73	0.158
840.09	0.131
840.45	0.166
840.81	0.134
841.18	0.139
841.54	0.129
841.90	0.135
842.26	0.129
842.63	0.137
842.99	0.135
843.35	0.131
843.71	0.142
844.08	0.128
844.44	0.129
844.80	0.132
845.17	0.134
845.53	0.147
845.89	0.141
846.26	0.134
846.62	0.132
846.98	0.129
847.35	0.134
847.71	0.137
848.07	0.137
848.44	0.134
848.80	0.130
849.17	0.133
849.53	0.130
849.89	0.129
850.26	0.140
850.62	0.138
850.99	0.134
851.35	0.147
851.72	0.144
852.08	0.154
852.45	0.135
852.81	0.138
853.18	0.150
853.54	0.135
853.91	0.139
854.27	0.167
854.64	0.163
855.00	0.138
855.37	0.141
855.73	0.148
856.10	0.139
856.47	0.140
856.83	0.139
857.20	0.135
857.56	0.129
857.93	0.136
858.30	0.128
858.66	0.136
859.03	0.146
859.39	0.133
859.76	0.281
860.13	0.138
860.49	0.135
860.86	0.130
861.23	0.126
861.60	0.135
861.96	0.128
862.33	0.135
862.70	0.141
863.06	0.129
863.43	0.126
863.80	0.127
864.17	0.128
864.54	0.131
864.90	0.136
865.27	0.127
865.64	0.141
866.01	0.139
866.38	0.126
866.74	0.131
867.11	0.128
867.48	0.130
867.85	0.131
868.22	0.132
868.59	0.133
868.96	0.142
869.32	0.124
869.69	0.125
870.06	0.128
870.43	0.124
870.80	0.129
871.17	0.126
871.54	0.130
871.91	0.140
872.28	0.128
872.65	0.126
873.02	0.132
873.39	0.129
873.76	0.130
874.13	0.135
874.50	0.130
874.87	0.129
875.24	0.131
875.61	0.131
875.98	0.133
876.35	0.131
876.72	0.132
877.09	0.127
877.47	0.125
877.84	0.128
878.21	0.130
878.58	0.126
878.95	0.125
879.32	0.127
879.69	0.129
880.06	0.129
880.44	0.125
880.81	0.127
881.18	0.126
881.55	0.134
881.92	0.133
882.30	0.129
882.67	0.123
883.04	0.123
883.41	0.131
883.79	0.124
884.16	0.129
884.53	0.125
884.91	0.138
885.28	0.127
885.65	0.125
886.02	0.138
886.40	0.131
886.77	0.125
887.14	0.129
887.52	0.128
887.89	0.131
888.27	0.132
888.64	0.126
889.01	0.129
889.39	0.127
889.76	0.126
890.14	0.122
890.51	0.126
890.88	0.142
891.26	0.127
891.63	0.134
892.01	0.131